1.000000 0.142985 1.001353 1.000000 0.100000
1.000000 1.148284 -0.706781 1.000000 0.100000
1.000000 0.608983 -0.491753 1.000000 0.100000
1.000000 0.266544 0.403129 1.000000 0.100000
1.000000 0.684551 -0.462975 1.000000 0.100000
1.000000 -0.288657 -1.980359 1.000000 0.100000
1.000000 0.071304 -0.239844 1.000000 0.100000
1.000000 1.479093 -2.905840 1.000000 0.100000
1.000000 -0.187451 1.055817 1.000000 0.100000
1.000000 0.528168 0.559257 1.000000 0.100000
-1.000000 0.097414 0.905230 1.000000 0.100000
-1.000000 2.606927 0.853707 1.000000 0.100000
-1.000000 -0.086978 1.690034 1.000000 0.100000
-1.000000 -0.159099 -1.117150 1.000000 0.100000
-1.000000 0.288960 1.472971 1.000000 0.100000
-1.000000 1.413500 1.060921 1.000000 0.100000
-1.000000 3.260085 0.297973 1.000000 0.100000
-1.000000 1.788804 1.881719 1.000000 0.100000
-1.000000 2.151655 -0.735844 1.000000 0.100000
-1.000000 2.472358 -1.023092 1.000000 0.100000
