1.000000 1.696060 -0.057935 0.381267 1.000000 0.100000 0.100000
1.000000 -0.305005 1.899265 -1.520202 1.000000 0.100000 0.100000
1.000000 1.689047 -1.741741 0.426775 1.000000 0.100000 0.100000
1.000000 -0.826366 1.433155 -0.010581 1.000000 0.100000 0.100000
1.000000 -0.316294 -0.324448 -0.567014 1.000000 0.100000 0.100000
1.000000 0.585879 0.868279 -0.323707 1.000000 0.100000 0.100000
1.000000 0.387894 -0.151285 -0.474786 1.000000 0.100000 0.100000
1.000000 0.512006 0.309090 0.473523 1.000000 0.100000 0.100000
1.000000 -0.646723 -0.286359 0.625121 1.000000 0.100000 0.100000
1.000000 -0.851690 -0.550895 -0.020058 1.000000 0.100000 0.100000
-1.000000 1.013955 2.232271 0.997291 1.000000 0.100000 0.100000
-1.000000 -0.762407 1.159228 0.659813 1.000000 0.100000 0.100000
-1.000000 2.754400 -0.163073 0.777724 1.000000 0.100000 0.100000
-1.000000 1.227225 0.804680 1.867713 1.000000 0.100000 0.100000
-1.000000 0.624358 0.017730 2.122797 1.000000 0.100000 0.100000
-1.000000 0.833615 1.817644 0.389357 1.000000 0.100000 0.100000
-1.000000 0.983430 1.933457 2.785554 1.000000 0.100000 0.100000
-1.000000 2.085693 0.040582 -0.399774 1.000000 0.100000 0.100000
-1.000000 0.971242 -0.545515 2.231271 1.000000 0.100000 0.100000
-1.000000 1.043884 1.481768 0.011571 1.000000 0.100000 0.100000
